i,0,NC(#15)
i,1,I1(#11)
i,2,I2(#12)
o,2,A (#9)
i,3,I3(#13)
i,4,I4 (#1)
i,5,I5 (#2)
i,6,I6 (#3)
i,7,I7 (#4)
o,7,B (#7)
i,8,I8 (#5)
i,9,I9(#10)
o,10,C (#6)
o,13,D(#14)
p
NOT,80,40
NOT,81,82
NOT,82,122
NOT,82,165
NOT,82,207
NOT,82,251
NOT,82,291
NOT,81,337
NOT,81,375
NOT,183,81
NOT,278,164
NOT,278,206
NOT,228,246
NOR,165,351
AND,349,406
AND,238,328
AND,381,283
AND,287,266
NOR,599,391
AND,602,313
AND,531,228
NOR,731,334
AND,325,513
AND,469,109
AND,575,169
AND,582,79
NOR,980,69
OR,734,446
g
0,10,45
1,10,87
2,10,129
3,10,171
4,10,213
5,10,255
6,10,297
7,10,339
8,10,381
9,81,82
10,82,165
11,82,207
12,82,251
13,81,337,81,375
14,165,351,82,291
15,82,251,165,351
16,82,207,165,351
17,82,165,165,351
18,287,266,381,283,238,328,349,406
19,82,122,278,164,278,206,165,351
20,81,82,278,164,278,206,165,351
21,531,228,602,313,238,328,349,406
22,228,246,165,351,82,207
23,278,164,228,246,165,351
24,469,109,82,122
25,80,40,183,81,469,109
26,582,79,575,169,734,446,325,513
27,81,375,349,406
s
o
0
1
2,980,69
3
4
5
6
7,731,334
8
9
10,599,391
11
12
13,165,351
14
15

